0  0.016393  59.999999
1  0.019608  50.000000
2  0.024390  40.000000
3  0.032258  30.000000
4  0.047619  20.000000
5  0.090909  10.000000
6  0.095375  9.484913
7  0.100061  8.993945
8  0.104976  8.525969
9  0.110133  8.079904
10  0.115544  7.654728
11  0.121220  7.249460
12  0.127175  6.863171 
13  0.133423  6.494969
14  0.139977  6.144009
15  0.146854  5.809483
16  0.154068  5.490622
17  0.161637  5.186691
18  0.169578  4.896993
19  0.177909  4.620860
20  0.186649  4.357657
21  0.195818  4.106779
22  0.205438  3.867648 
23  0.215530  3.639715
24  0.226119  3.422455
25  0.237227  3.215369
26  0.248881  3.017980
27  0.261108  2.829833
28  0.273935  2.650497
29  0.287393  2.479559
30  0.301511  2.316625
31  0.316324  2.161320
32  0.331863  2.013288 
33  0.348167  1.872187
34  0.365271  1.737694
35  0.383215  1.609499
36  0.402041  1.487306
37  0.421792  1.370835
38  0.442513  1.259818
39  0.464253  1.154000
40  0.487060  1.053136
41  0.500000  1.000000
42  0.509736  0.961800 
43  0.519373  0.925400
44  0.529073  0.890100
45  0.538677  0.856400
46  0.548306  0.823800
47  0.557942  0.792300
48  0.567537  0.762000
49  0.577134  0.732700
50  0.586717  0.704400
51  0.596267  0.677100
52  0.605877  0.650500 
53  0.615460  0.624800
54  0.625039  0.599900
55  0.634598  0.575800
56  0.644205  0.552300
57  0.653851  0.529400
58  0.663438  0.507300
59  0.673083  0.485700
60  0.682780  0.464600
61  0.692425  0.444200
62  0.702099  0.424300 
63  0.711845  0.404800
64  0.721605  0.385800
65  0.731368  0.367300
66  0.741180  0.349200
67  0.751033  0.331500
68  0.760861  0.314300
69  0.770713  0.297500
70  0.780640  0.281000
71  0.790639  0.264800
72  0.800641  0.249000  
73  0.810701  0.233500
74  0.820749  0.218400
75  0.830910  0.203500
76  0.841114  0.188900
77  0.851281  0.174700
78  0.861549  0.160700
79  0.871840  0.147000
80  0.882223  0.133500
81  0.892698  0.120200
82  0.903098  0.107300  
83  0.913668  0.094490
84  0.924223  0.081990
85  0.934903  0.069630
86  0.945591  0.057540
87  0.956334  0.045660
88  0.967137  0.033980
89  0.978062  0.022430
90  0.988983  0.011140
91  0.999969  0.000031
92  1.000000  0.000000  
